ETTh1_96_96_LSTM_iter0  
mse:0.7466113567352295, mae:0.6747889518737793, rse:0.8207390904426575, corr:[0.27464592 0.25821453 0.24477969 0.23241392 0.22811712 0.22412921
 0.22063264 0.22046371 0.2200299  0.22024581 0.2153388  0.21068391
 0.22155178 0.21933648 0.22076964 0.22273952 0.231339   0.23397863
 0.23331495 0.2343257  0.23704846 0.24064234 0.24513416 0.24990718
 0.24131176 0.23461868 0.22686002 0.21937974 0.22201647 0.22253601
 0.21248874 0.20973603 0.20877069 0.20194928 0.1969082  0.19697557
 0.20597126 0.20863672 0.21538076 0.21506168 0.22476791 0.2306376
 0.23765376 0.23910451 0.24081987 0.24248388 0.2468569  0.24998744
 0.24666429 0.23400201 0.22099598 0.21246229 0.20894243 0.20682758
 0.20215634 0.1956294  0.19977511 0.19194691 0.1928606  0.19251257
 0.20214762 0.20085897 0.20797743 0.21906632 0.22659922 0.22898364
 0.22969298 0.2304899  0.23394404 0.23107664 0.23437633 0.23559663
 0.22519657 0.21316619 0.20530762 0.18615694 0.19254881 0.19377711
 0.19533616 0.19511382 0.19114229 0.19537507 0.19036739 0.19035909
 0.20154811 0.20885369 0.21191156 0.21693721 0.21687712 0.22366805
 0.22460692 0.22443676 0.22535837 0.2255949  0.23064691 0.22223422]

ETTh1_96_96_LSTM_iter1  
mse:0.7218201756477356, mae:0.6382542252540588, rse:0.8069977760314941, corr:[0.27223513 0.2601782  0.25230315 0.24673894 0.24159497 0.23841089
 0.23521467 0.2268869  0.2321501  0.23570023 0.23892759 0.24088182
 0.23612536 0.23714693 0.23055997 0.22893707 0.22730762 0.22534391
 0.22679931 0.22679678 0.21913041 0.21196988 0.21696898 0.22045213
 0.214662   0.20563877 0.2091888  0.20614314 0.20937519 0.21332067
 0.21283124 0.2137093  0.21828596 0.2229761  0.22047071 0.22037557
 0.22046614 0.21992426 0.222671   0.21958674 0.22211072 0.22454739
 0.21975666 0.21737616 0.21655148 0.21521775 0.213596   0.21569854
 0.21524508 0.20447353 0.19882607 0.18936965 0.18689305 0.18089525
 0.17796607 0.17769095 0.17423244 0.1835123  0.18683791 0.18785933
 0.19164674 0.18611673 0.19274527 0.19571638 0.19621979 0.1950112
 0.19145873 0.18961602 0.18643509 0.18360187 0.18472135 0.18239024
 0.18168844 0.17084287 0.16620472 0.16511707 0.16197865 0.15837792
 0.15106072 0.15603969 0.15492044 0.15846537 0.16042608 0.15910393
 0.15956244 0.1577184  0.15288386 0.15461153 0.1595236  0.16054073
 0.15517816 0.16005453 0.15889151 0.15288164 0.16362458 0.16110669]

ETTh1_96_96_LSTM_iter2  
mse:0.8167522549629211, mae:0.6979817748069763, rse:0.8584263324737549, corr:[0.2673228  0.24709868 0.24088144 0.23021488 0.22772735 0.22393873
 0.22020867 0.21979581 0.2200523  0.21504834 0.20970537 0.20713216
 0.20526269 0.19857498 0.20134377 0.20539926 0.21451886 0.213648
 0.21045843 0.20620301 0.21127819 0.21623418 0.22787014 0.23515992
 0.22873351 0.21134996 0.20605968 0.19985788 0.19572313 0.19368418
 0.20543447 0.20680048 0.20487867 0.20603128 0.19667216 0.20315419
 0.19702758 0.18921205 0.19416517 0.20112014 0.21018523 0.21570024
 0.2123704  0.21564406 0.21885009 0.22602163 0.23550814 0.23666501
 0.22977489 0.21322584 0.20607135 0.19597489 0.19351749 0.19139507
 0.19293566 0.19213937 0.19533704 0.19328563 0.19238786 0.19601558
 0.19053939 0.18848781 0.19026472 0.1949473  0.19892038 0.19277784
 0.1952426  0.1943028  0.19110256 0.1992123  0.21222682 0.21574634
 0.20456623 0.1894815  0.18546413 0.18415873 0.19024682 0.18406744
 0.1849593  0.18937983 0.18406099 0.18331577 0.184139   0.18230043
 0.17669645 0.16730396 0.16768394 0.18321033 0.19112466 0.18846674
 0.190821   0.19285327 0.20067197 0.20753434 0.21550676 0.21648319]

ETTh1_96_96_LSTM_iter3  
mse:0.8159769177436829, mae:0.7151970863342285, rse:0.858018696308136, corr:[0.26724946 0.25454935 0.250659   0.2441472  0.24258535 0.23818289
 0.23768659 0.23708317 0.23830871 0.23800524 0.23520017 0.23345648
 0.23194961 0.23203388 0.22630398 0.22547871 0.22493845 0.22280635
 0.2202645  0.21854584 0.21445514 0.2192821  0.2269562  0.23957907
 0.23401546 0.23063782 0.23046438 0.23192035 0.23340075 0.23295924
 0.23106535 0.23130642 0.23204874 0.23358077 0.22588198 0.2245641
 0.22408679 0.2281825  0.22544186 0.22807837 0.22104962 0.21898334
 0.22051111 0.21750075 0.22061223 0.22224298 0.2256696  0.22638766
 0.23203354 0.22427247 0.21294236 0.21066469 0.20949538 0.21301599
 0.20416607 0.21061006 0.2114052  0.20612657 0.20165645 0.19939452
 0.20536202 0.19944827 0.19879185 0.20313808 0.19866039 0.20117885
 0.19839022 0.19390836 0.1918514  0.19447759 0.20233764 0.20815374
 0.2107188  0.20173046 0.19877812 0.20009021 0.19852243 0.1955553
 0.19159897 0.19185686 0.18817605 0.18986678 0.17791612 0.18608923
 0.18551256 0.19424184 0.19171034 0.1974171  0.199521   0.19586065
 0.19925298 0.19793661 0.19311295 0.20011196 0.1999084  0.20439675]

ETTh1_96_96_LSTM_iter4  
mse:0.7756732106208801, mae:0.6943174600601196, rse:0.8365602493286133, corr:[0.25865078 0.25072613 0.24078098 0.23125058 0.229763   0.22856434
 0.22744955 0.22604166 0.2265448  0.22044674 0.21801816 0.22101164
 0.22603764 0.22828105 0.22695498 0.23132756 0.23017259 0.23164003
 0.2329529  0.23237522 0.22733065 0.22699106 0.23317082 0.23466808
 0.22409229 0.21947537 0.21448751 0.20905487 0.20692815 0.21186742
 0.21325697 0.21099111 0.21403246 0.21018063 0.20676136 0.2094348
 0.20971212 0.2094745  0.21794155 0.22546127 0.22382738 0.22632198
 0.22903715 0.2301879  0.22340144 0.2222492  0.22721313 0.22562589
 0.22272412 0.2198231  0.21420653 0.20974016 0.20670384 0.20375665
 0.2062025  0.20633142 0.20134097 0.19690031 0.19546434 0.19895385
 0.2090867  0.20928624 0.21253592 0.21597351 0.21214125 0.21470591
 0.21708907 0.21811019 0.21031377 0.21163896 0.21702434 0.21283923
 0.2115448  0.20619217 0.19995645 0.19825603 0.18852358 0.19175059
 0.19025053 0.18712728 0.18418267 0.1891188  0.18387246 0.17956334
 0.18782154 0.1891897  0.19341104 0.20096727 0.20545171 0.20603673
 0.20836435 0.2022849  0.20367211 0.20486724 0.20714128 0.21048446]

ETTh1_96_336_LSTM_iter0  
mse:0.9324911236763, mae:0.7655993700027466, rse:0.919336199760437, corr:[0.24897169 0.23258007 0.21597414 0.2096088  0.20229721 0.21397108
 0.20933042 0.21034399 0.20492795 0.2130798  0.20720626 0.20258024
 0.20274793 0.20104364 0.20139949 0.2032541  0.20711401 0.20653881
 0.21052572 0.21159689 0.21468264 0.21688083 0.22405858 0.21524435
 0.20679599 0.19279331 0.18795913 0.18502183 0.1896845  0.19230804
 0.19343868 0.18898481 0.19212437 0.19988409 0.20336322 0.18904911
 0.19105954 0.19404677 0.19577211 0.19617002 0.20494024 0.20656797
 0.20910788 0.21578646 0.22084545 0.22390276 0.22369584 0.21987844
 0.20867509 0.19245532 0.18644857 0.17103061 0.18125111 0.18255779
 0.19222853 0.1905519  0.19706745 0.20195214 0.20144765 0.19829454
 0.1999005  0.19229032 0.1995988  0.20238048 0.20341997 0.20648713
 0.2069167  0.20713897 0.21111667 0.21295406 0.21797824 0.22021773
 0.19977407 0.17693917 0.17039846 0.16410443 0.16873708 0.16997752
 0.17061092 0.16969185 0.17239195 0.18458709 0.19471006 0.20045146
 0.19993144 0.19644856 0.19858088 0.20458539 0.21089746 0.20932658
 0.21533361 0.21369629 0.20276037 0.19853374 0.19820678 0.19769876
 0.1827123  0.1694591  0.17297462 0.16929701 0.15923192 0.1724014
 0.1667159  0.17295486 0.18295816 0.18664356 0.19309786 0.19307022
 0.18781461 0.18287763 0.1911989  0.18937165 0.1949207  0.19599044
 0.19737741 0.19669876 0.1911976  0.20443127 0.19425277 0.19605395
 0.187934   0.16884609 0.15831468 0.14458016 0.1495289  0.15861303
 0.15400726 0.15813215 0.1630847  0.16918215 0.18284193 0.18733987
 0.1854141  0.17903152 0.18268435 0.19191545 0.1954158  0.19993696
 0.19857801 0.19410007 0.19443198 0.18594098 0.19001736 0.19856626
 0.18301603 0.16174667 0.15539214 0.15476826 0.15495317 0.15903834
 0.15558809 0.15923196 0.16212057 0.17325383 0.18026178 0.17524992
 0.17636654 0.17590463 0.18400164 0.18417415 0.19229569 0.1895518
 0.19045226 0.18820252 0.18975301 0.17573245 0.17791851 0.18250377
 0.16830684 0.14570528 0.1436596  0.1422653  0.14255139 0.15463698
 0.15533659 0.15249504 0.16309328 0.17862567 0.18515855 0.18472026
 0.18789932 0.1770929  0.17848706 0.1763978  0.1881645  0.18957092
 0.18863218 0.18724452 0.18655011 0.17602949 0.16489026 0.16453132
 0.14853334 0.1314698  0.13214467 0.1353848  0.13751532 0.14623396
 0.15455566 0.15391824 0.16887793 0.1729473  0.17725725 0.18247549
 0.18179597 0.17795332 0.18277833 0.18247326 0.18524922 0.18908535
 0.18863429 0.18482067 0.17769134 0.1794482  0.18202436 0.17675856
 0.16790134 0.14905363 0.1398399  0.13788809 0.14722449 0.14514063
 0.15475276 0.15458064 0.16114973 0.16789539 0.17984475 0.17647631
 0.17467514 0.16778734 0.17216887 0.17341757 0.18047765 0.1805025
 0.17852463 0.17997438 0.17702296 0.1685339  0.17133373 0.17322351
 0.15487349 0.14481294 0.13683993 0.13534017 0.13245158 0.14415684
 0.14404438 0.1492287  0.15827669 0.16967432 0.17610243 0.18279862
 0.17682675 0.17989248 0.1709734  0.1731641  0.17579657 0.17510366
 0.17359093 0.17271726 0.16702427 0.16882062 0.16731912 0.17204717
 0.15429439 0.1495099  0.14378612 0.1431383  0.14100602 0.14721373
 0.14800094 0.15305994 0.15672857 0.15915911 0.17202482 0.17186181
 0.17073849 0.166765   0.16905607 0.17209291 0.17143914 0.1713637
 0.17748195 0.17620273 0.17976297 0.17406923 0.1640878  0.17126955
 0.15300238 0.1333499  0.13413386 0.13089165 0.13340119 0.14368495
 0.14364836 0.15362254 0.1644791  0.1727652  0.17828777 0.17679241
 0.18175012 0.17240581 0.17374451 0.17344251 0.17418858 0.16888782
 0.173233   0.16618806 0.16713548 0.16198759 0.17098467 0.16865575
 0.15238138 0.1442859  0.1361781  0.13822077 0.13784051 0.14411741
 0.14640279 0.15464929 0.16710009 0.17306773 0.17946056 0.1809755
 0.17303824 0.1693195  0.16929656 0.16706836 0.17177278 0.16738994
 0.15891099 0.15043536 0.15632758 0.14443934 0.14871797 0.15167657]

ETTh1_96_336_LSTM_iter1  
mse:0.9655836820602417, mae:0.7893527150154114, rse:0.9355069398880005, corr:[0.2441145  0.22927813 0.2181549  0.21379954 0.21687979 0.21324289
 0.20602459 0.20326507 0.19788758 0.19998808 0.20197408 0.20202868
 0.19943735 0.1933514  0.18470018 0.18003221 0.17596391 0.18054123
 0.18380862 0.18057482 0.19644809 0.20109935 0.21196522 0.21568435
 0.20875427 0.19369252 0.19318104 0.19796173 0.20632952 0.20563109
 0.19611709 0.19780782 0.19917001 0.18826135 0.18549779 0.1766367
 0.17550394 0.17545366 0.17621857 0.18155134 0.18521214 0.18694668
 0.2006508  0.19091018 0.19233796 0.19476202 0.20005752 0.20515737
 0.19140142 0.19528742 0.18784219 0.18806802 0.18813518 0.19262731
 0.19427484 0.18787548 0.19339432 0.17963676 0.18157125 0.18455738
 0.18006986 0.17442052 0.17157693 0.16247465 0.16217342 0.17305599
 0.18545656 0.18300349 0.18307102 0.1887953  0.19464071 0.19782016
 0.19137399 0.18107095 0.18143646 0.17909087 0.1888691  0.18440887
 0.18389657 0.17963098 0.18082397 0.18068692 0.18069233 0.17739564
 0.17182575 0.17802061 0.17960286 0.18051876 0.18044989 0.1807663
 0.19204837 0.18707156 0.18677108 0.18620749 0.18806124 0.1900758
 0.18803766 0.18251634 0.16934459 0.17587768 0.18063569 0.17430006
 0.17932871 0.17513087 0.17238507 0.17430422 0.18002674 0.17474824
 0.17935352 0.16165884 0.1562091  0.15678954 0.15267216 0.1640109
 0.17100245 0.16885914 0.17478147 0.18092819 0.18831801 0.18939823
 0.18762608 0.18138592 0.17220892 0.16759309 0.1711133  0.16434057
 0.16726352 0.16425395 0.15212384 0.15590927 0.15257324 0.1497882
 0.1452863  0.14096962 0.14238575 0.14625235 0.15002763 0.15694898
 0.16496672 0.16356649 0.16946796 0.1691633  0.17949869 0.18304123
 0.17305873 0.16453479 0.15790464 0.16639009 0.16634402 0.15774034
 0.15881361 0.1546611  0.1574805  0.15939324 0.14866573 0.14578968
 0.13820837 0.14140612 0.1389429  0.14931007 0.15516855 0.15730733
 0.16764615 0.16792995 0.16841237 0.16889036 0.17388844 0.17927973
 0.17703399 0.1681992  0.16222095 0.1686181  0.16509767 0.16739933
 0.16961035 0.16840212 0.16831298 0.1681779  0.17120396 0.15936829
 0.14590147 0.14645573 0.14821781 0.14701611 0.15842125 0.1617542
 0.16364965 0.16635087 0.1628617  0.16507748 0.17188612 0.17770924
 0.17058086 0.16267438 0.1550937  0.15952657 0.16254127 0.15670557
 0.16031933 0.16118963 0.1596485  0.15784703 0.15173365 0.13426575
 0.13813996 0.13652733 0.13040641 0.13262884 0.13998875 0.14526395
 0.15527499 0.15618609 0.1627267  0.16690655 0.17105259 0.17866904
 0.17479934 0.16990548 0.16587915 0.16064584 0.15827239 0.15354943
 0.14985068 0.14915292 0.14459887 0.14981164 0.14943017 0.14261614
 0.13753632 0.13516378 0.12902957 0.13832115 0.14074647 0.1495876
 0.14915693 0.15611023 0.15904398 0.15946747 0.16835016 0.16954203
 0.1671398  0.16398372 0.15450406 0.15752219 0.15412194 0.15110129
 0.15223445 0.14552446 0.13213526 0.12938035 0.12478292 0.11565489
 0.11467145 0.11722817 0.12511998 0.12608528 0.13100545 0.1379619
 0.14311658 0.14671502 0.15045084 0.14719169 0.15556021 0.16300845
 0.15774113 0.15349764 0.1472924  0.1459451  0.14257479 0.13718285
 0.13798332 0.13844381 0.13559242 0.12777808 0.13134682 0.11814688
 0.12420735 0.11727504 0.11938211 0.12684348 0.12897293 0.13823311
 0.137393   0.14127204 0.14293009 0.14909136 0.15340301 0.1508854
 0.15233782 0.14638886 0.14506358 0.1485379  0.13969839 0.14006679
 0.14170888 0.14084175 0.13670741 0.13258775 0.13208188 0.12744865
 0.12956038 0.11785424 0.11947177 0.12116243 0.12788644 0.12831327
 0.12697944 0.1359687  0.12709503 0.1390654  0.14216132 0.14535086
 0.13812356 0.12266401 0.12459203 0.12762925 0.13161744 0.1389129
 0.13530168 0.14037557 0.12937269 0.12905906 0.13272592 0.12691304
 0.12764095 0.12565513 0.12525748 0.1335348  0.13762093 0.13523006
 0.13680667 0.14008798 0.14179371 0.15219422 0.15667969 0.16009858]

ETTh1_96_336_LSTM_iter2  
mse:1.0115118026733398, mae:0.7912995219230652, rse:0.9574971795082092, corr:[0.25365826 0.24007134 0.2317291  0.221618   0.21324335 0.2036081
 0.2025073  0.19348322 0.18362047 0.1832175  0.18458483 0.18215762
 0.18839434 0.1852007  0.18063001 0.18215793 0.1835912  0.18130036
 0.18505138 0.18500914 0.19302908 0.18862231 0.20012408 0.21226208
 0.206457   0.20426036 0.2010931  0.20081547 0.20031622 0.20081393
 0.19962735 0.19262058 0.18449286 0.18593311 0.17927678 0.18388885
 0.18518144 0.18086141 0.18549173 0.19131602 0.19530779 0.19247465
 0.18884791 0.18356021 0.19365092 0.19117221 0.19109653 0.19595999
 0.1930782  0.18690188 0.18217477 0.17541797 0.1717919  0.17005396
 0.16954899 0.1620987  0.15665308 0.15477787 0.15592204 0.16067086
 0.16039559 0.15979937 0.15800303 0.15790422 0.15807655 0.16486919
 0.16408624 0.16363636 0.16718067 0.16485888 0.16822278 0.17709768
 0.16993093 0.16829547 0.16837308 0.16034944 0.15599617 0.15910651
 0.15380342 0.14893548 0.15087186 0.15162157 0.15328202 0.16246724
 0.16588764 0.1670229  0.16631183 0.16734874 0.16722429 0.17338012
 0.17108068 0.1724257  0.17062527 0.17171316 0.16989282 0.17153552
 0.16796255 0.15483955 0.14562792 0.1454084  0.14242159 0.14003423
 0.13925368 0.1356651  0.12877981 0.12924741 0.12805422 0.1393493
 0.13788317 0.14003137 0.14279471 0.1434898  0.1470066  0.15192017
 0.1545375  0.15648073 0.15914977 0.15901282 0.15786153 0.1589803
 0.14876501 0.14002511 0.13842644 0.1325619  0.12838219 0.1330457
 0.13275526 0.13325441 0.1276691  0.131564   0.13145135 0.13691789
 0.14152503 0.13996963 0.14642674 0.14366515 0.150235   0.15194562
 0.15048271 0.15422724 0.15620402 0.15554665 0.15373948 0.15402243
 0.14382866 0.13445646 0.12662093 0.12217465 0.12034424 0.11895529
 0.12659186 0.12198333 0.11460534 0.11881091 0.12106976 0.12344907
 0.12984827 0.11716184 0.12898718 0.13213792 0.1322475  0.13379832
 0.1344151  0.13985029 0.1426702  0.13641891 0.14040346 0.14395662
 0.13398075 0.12423078 0.12349591 0.12313773 0.11741067 0.1155074
 0.11535219 0.11532839 0.10735696 0.11245546 0.11653121 0.11935811
 0.12850313 0.12261889 0.12156563 0.12644914 0.12816499 0.12952629
 0.1301648  0.13111721 0.13044125 0.12616333 0.13509084 0.14050844
 0.13170427 0.12623648 0.12693864 0.12293622 0.12131047 0.12800178
 0.12849763 0.12659264 0.1222417  0.12002152 0.125695   0.13095798
 0.13210389 0.12784493 0.13079675 0.13235588 0.13369396 0.13502337
 0.1409048  0.13750368 0.14018653 0.13661623 0.13833228 0.13882644
 0.12477984 0.11625176 0.11284894 0.11755516 0.11468156 0.11465055
 0.11444692 0.10611733 0.1061823  0.10773267 0.11219495 0.1154522
 0.12082281 0.11912923 0.11749908 0.12363163 0.12742248 0.12979947
 0.13283028 0.13453871 0.13496388 0.13533665 0.12902825 0.12637883
 0.11495271 0.10541917 0.10134677 0.10008264 0.0965213  0.10221501
 0.09531808 0.09751657 0.09280942 0.09430087 0.09636895 0.10242811
 0.10543549 0.10000063 0.1006466  0.10583045 0.10797387 0.11113886
 0.11098082 0.11339307 0.10794482 0.10568693 0.10619123 0.10643831
 0.10168128 0.09873061 0.09914637 0.10298157 0.10287877 0.10108949
 0.09994538 0.09917866 0.09944565 0.10338739 0.10034854 0.10349097
 0.10634723 0.10126533 0.10555021 0.10512819 0.10991988 0.1191619
 0.12160859 0.12520085 0.12719026 0.1227236  0.11948556 0.12013539
 0.1123565  0.10600615 0.10032638 0.09474455 0.10208432 0.10223535
 0.10813745 0.10705172 0.10755113 0.10738527 0.10793567 0.11018115
 0.11323405 0.11058065 0.1167184  0.12204271 0.12442847 0.12903818
 0.1323245  0.13274413 0.12842189 0.12054522 0.11987174 0.12528671
 0.11662363 0.11291692 0.11299959 0.11007932 0.11676618 0.11869142
 0.11719023 0.11794787 0.11603408 0.11607293 0.1127332  0.11183053
 0.11741782 0.11596693 0.11469355 0.11941091 0.12485478 0.12734391
 0.12984787 0.12907447 0.12957627 0.12119325 0.12169684 0.12626472]

ETTh1_96_336_LSTM_iter3  
mse:0.9437700510025024, mae:0.7692995667457581, rse:0.9248794317245483, corr:[0.25232694 0.2428245  0.22502896 0.21809071 0.21963058 0.2163659
 0.21465787 0.21623933 0.21988723 0.21310155 0.20460546 0.2040868
 0.20802179 0.21035096 0.21282561 0.2130333  0.21336879 0.20898588
 0.20970666 0.21085994 0.20681839 0.21620527 0.2144465  0.2239719
 0.21100491 0.19759151 0.20056047 0.198649   0.20520112 0.20013864
 0.20139329 0.20461413 0.20918441 0.20652846 0.20584013 0.20407228
 0.20445247 0.2062778  0.2036037  0.20680755 0.20602849 0.21435918
 0.21512069 0.2035349  0.2100909  0.21508592 0.21517988 0.21756482
 0.21780644 0.21579282 0.2089427  0.2032362  0.20387048 0.20500097
 0.20730424 0.20707937 0.20788616 0.20820199 0.20195158 0.19754775
 0.20261651 0.1962514  0.19755337 0.19994852 0.20031528 0.20408529
 0.20198014 0.19920614 0.19833593 0.19592798 0.19727784 0.20218891
 0.19988711 0.192085   0.18957148 0.19880015 0.20237242 0.20236024
 0.20160532 0.20738083 0.20576236 0.20766743 0.21272227 0.20670366
 0.19870909 0.20613115 0.1990068  0.20178753 0.19998534 0.20474246
 0.19896619 0.19430454 0.19262917 0.19951095 0.19730462 0.20384434
 0.20848481 0.19929698 0.20303771 0.20236018 0.19765638 0.19402081
 0.18971165 0.19770187 0.193387   0.20011279 0.19750036 0.19601443
 0.19595522 0.19481246 0.19410971 0.19331405 0.19636853 0.19669643
 0.19049498 0.19243124 0.19468655 0.19590409 0.19789153 0.20462728
 0.20164905 0.20560803 0.20022918 0.19587496 0.1910263  0.19240038
 0.19495268 0.19142208 0.19697908 0.20218185 0.2034325  0.19857356
 0.2010757  0.19649573 0.19215618 0.19138692 0.19258441 0.19044627
 0.19752757 0.18959904 0.18379787 0.1905444  0.19048229 0.19852662
 0.19818832 0.19266628 0.18957348 0.18194105 0.17455997 0.17357376
 0.17975223 0.18551351 0.19201033 0.19554625 0.1934528  0.18782105
 0.18227835 0.18887053 0.18872817 0.19055775 0.18789479 0.18830572
 0.18359198 0.18412164 0.17952356 0.18438527 0.19085036 0.19038129
 0.19128917 0.19196491 0.19019052 0.19234027 0.18528579 0.18633181
 0.18934068 0.19471928 0.19722225 0.19782276 0.19958523 0.19974108
 0.19857019 0.19883595 0.19796762 0.18556508 0.18809605 0.18895991
 0.18880217 0.18508622 0.17048746 0.1678011  0.17201015 0.17826612
 0.1802568  0.17946237 0.18133949 0.18270917 0.17980093 0.18081546
 0.1852244  0.18697773 0.19221887 0.19758901 0.19702648 0.19249238
 0.19650006 0.20229177 0.20158955 0.19132154 0.19797774 0.1951347
 0.19325954 0.18915139 0.18970764 0.19376592 0.19876257 0.1904391
 0.18628393 0.18184364 0.17875245 0.17218947 0.17471948 0.1832793
 0.1811678  0.18729785 0.18519337 0.18629435 0.18325807 0.18177246
 0.18106087 0.17977184 0.17390807 0.17424509 0.18250842 0.18972917
 0.18122266 0.1788155  0.18054305 0.18335612 0.1864639  0.19082947
 0.17973372 0.17766847 0.17750333 0.17615782 0.1743844  0.17166907
 0.17214799 0.17547962 0.17060034 0.17469451 0.18171518 0.17979507
 0.17711355 0.17720258 0.17789255 0.17313144 0.17622682 0.16965708
 0.17044874 0.16957709 0.16355959 0.17118406 0.17725265 0.17606007
 0.17687313 0.18047681 0.16537648 0.16891222 0.17428854 0.1759303
 0.17626783 0.17683403 0.18109891 0.17626472 0.17476512 0.17737035
 0.17529687 0.17611961 0.17127441 0.169728   0.1728062  0.17468084
 0.1686134  0.16680403 0.16107431 0.15511476 0.16122988 0.16399975
 0.16926794 0.16559026 0.15616941 0.16125807 0.17062902 0.17384945
 0.17618418 0.18032663 0.18035114 0.1833631  0.18245794 0.17712167
 0.17456217 0.16970015 0.16307837 0.16020185 0.1601708  0.15985756
 0.15441377 0.1507219  0.14633936 0.1511062  0.1567954  0.16828434
 0.16961624 0.16552462 0.16197376 0.16399167 0.17325929 0.17500348
 0.17683907 0.18245283 0.1786898  0.18033811 0.17671795 0.17055662
 0.16450651 0.15884893 0.16034243 0.1580824  0.1583151  0.15939786
 0.15227981 0.14784293 0.14065506 0.15942079 0.15298514 0.17087592]

ETTh1_96_336_LSTM_iter4  
mse:0.9625406861305237, mae:0.7708757519721985, rse:0.9340316653251648, corr:[0.24807696 0.23733646 0.22575836 0.21485808 0.2080573  0.20209873
 0.20071074 0.19271961 0.19962633 0.19986501 0.19420496 0.19839154
 0.19513501 0.19370987 0.20550044 0.20563953 0.2044257  0.20815393
 0.20875853 0.21156603 0.20789157 0.20800436 0.20986673 0.21464865
 0.20651385 0.19141635 0.18418416 0.19438188 0.18759783 0.18642305
 0.1859457  0.18109119 0.18766539 0.18803558 0.18615156 0.18964985
 0.18499623 0.18133937 0.18938205 0.18701936 0.19630037 0.20064285
 0.20270719 0.2018268  0.20267154 0.19593342 0.19558443 0.19741957
 0.19683541 0.18626438 0.18012302 0.17221355 0.1651969  0.16806027
 0.16647328 0.16329376 0.16842061 0.17468883 0.17681108 0.17811625
 0.18111993 0.17772312 0.178575   0.17997904 0.18474957 0.18645658
 0.18280037 0.18513887 0.18283889 0.18444675 0.18686457 0.18663226
 0.17612983 0.16549255 0.16785659 0.16200419 0.16201097 0.15604126
 0.15579973 0.1487171  0.15134813 0.14872994 0.1546798  0.158834
 0.17249951 0.16811043 0.1720179  0.17009138 0.17408542 0.17466341
 0.17445527 0.17843577 0.17231928 0.17865604 0.1843426  0.17846939
 0.17787957 0.17183466 0.16034114 0.15208407 0.15472612 0.14504585
 0.14881481 0.14227746 0.14437225 0.14939381 0.16186804 0.15719561
 0.15732147 0.15807196 0.16197017 0.16648746 0.17565054 0.17260267
 0.16519937 0.1655582  0.16692632 0.17143446 0.17253958 0.1783847
 0.16577558 0.14807826 0.15331255 0.15532807 0.14668961 0.14458318
 0.14115134 0.14233428 0.14685994 0.14565875 0.14891045 0.15964918
 0.1605568  0.15690698 0.16404314 0.16304876 0.16933607 0.17176509
 0.1730823  0.16872218 0.166255   0.16592823 0.16875811 0.17063585
 0.16344693 0.14407425 0.14120378 0.13954489 0.1394767  0.1376581
 0.13295966 0.13605501 0.1424323  0.13877188 0.14098299 0.16013429
 0.16159973 0.1595969  0.16158636 0.16323225 0.16770048 0.16444117
 0.16425768 0.170696   0.16671889 0.17350698 0.16917296 0.1699971
 0.16454774 0.15756784 0.15852205 0.1548204  0.15145895 0.15295127
 0.1468887  0.15142648 0.15254694 0.14694217 0.15789595 0.15885203
 0.16334979 0.16796882 0.16501634 0.16408771 0.17427039 0.16999635
 0.17262213 0.1714227  0.17185351 0.16461824 0.16785888 0.16048914
 0.1522164  0.14720613 0.14780883 0.15174794 0.1419721  0.14393096
 0.14250532 0.14073889 0.14356615 0.14361314 0.15268883 0.15953799
 0.16460279 0.15295286 0.15658385 0.16377738 0.16678976 0.16645935
 0.16640279 0.16755356 0.16325416 0.15905376 0.15925159 0.15803485
 0.14579347 0.14024344 0.1437172  0.14094526 0.13420203 0.13561174
 0.13729818 0.13417768 0.13612132 0.14132848 0.14612208 0.13814186
 0.14641342 0.14710777 0.14879942 0.15373091 0.15780449 0.15564032
 0.15367064 0.15340257 0.15604185 0.15785219 0.14882348 0.15333495
 0.14588255 0.1351185  0.13518332 0.13883705 0.13586171 0.1279417
 0.13255483 0.13130914 0.13490088 0.13123415 0.13656501 0.14534296
 0.14708969 0.1511763  0.15262116 0.15191174 0.15464112 0.15711889
 0.15061307 0.15612744 0.1532647  0.14958505 0.15003927 0.15127207
 0.13840683 0.12740625 0.12333558 0.12333323 0.11708655 0.12161546
 0.12857862 0.1340206  0.13768373 0.13266917 0.13970663 0.13001084
 0.14150152 0.13042167 0.13516405 0.13680933 0.14413995 0.14159127
 0.144298   0.13962717 0.13749087 0.13389803 0.13671057 0.14273748
 0.1380968  0.13408762 0.1352552  0.13286555 0.13593192 0.13097937
 0.13355574 0.12778558 0.12715852 0.1260166  0.13945572 0.13265717
 0.13758135 0.14026032 0.14642073 0.14073105 0.14543635 0.14595531
 0.14039774 0.13946278 0.13300453 0.12997767 0.12708314 0.13758302
 0.13222843 0.1273251  0.12781739 0.12782216 0.13132933 0.13442616
 0.1354805  0.13322817 0.13850006 0.13973215 0.14302193 0.1459272
 0.14719115 0.1503186  0.15221247 0.15068138 0.15487309 0.14723083
 0.14285585 0.14430982 0.13686238 0.14076619 0.13878402 0.13881007]

ETTh1_96_96_LSTM_iter0  
mse:0.8269448280334473, mae:0.705530047416687, rse:0.8637660145759583, corr:[0.26529524 0.2540536  0.24347879 0.23213333 0.22496289 0.21729007
 0.2179616  0.21325085 0.2095405  0.21230453 0.21105242 0.21436204
 0.21608514 0.2168364  0.21764007 0.21996881 0.21626501 0.21699081
 0.21562715 0.2114895  0.20763488 0.20751546 0.21263544 0.2188162
 0.21102113 0.20670299 0.19103129 0.18702693 0.18579285 0.18564007
 0.18343677 0.18528722 0.18502314 0.19089028 0.19233614 0.19707608
 0.19818956 0.20134181 0.20084485 0.2048908  0.20660904 0.20802023
 0.20326962 0.19882925 0.19688664 0.189119   0.19229372 0.19592853
 0.18898013 0.18317533 0.17385668 0.16553712 0.16453288 0.16149601
 0.16121012 0.1617138  0.16326131 0.16745101 0.16909108 0.16920541
 0.16934067 0.17657307 0.17982599 0.18550749 0.18755142 0.18994409
 0.18480727 0.18097852 0.17530768 0.17445955 0.17702234 0.18254972
 0.17050248 0.16274758 0.15814021 0.1566061  0.1571867  0.15606806
 0.15586519 0.15549545 0.15403628 0.15556106 0.15641157 0.15850282
 0.16031702 0.16477786 0.16513349 0.17320058 0.17338575 0.17616068
 0.17737392 0.17837772 0.17393576 0.17547716 0.17571105 0.17184053]

ETTh1_96_96_LSTM_iter1  
mse:0.7531980872154236, mae:0.6791839003562927, rse:0.8243514895439148, corr:[0.2603304  0.24930514 0.24641773 0.23613054 0.23159589 0.2293961
 0.232418   0.2331188  0.22976816 0.23179376 0.22380392 0.22893542
 0.22416666 0.2217781  0.22276518 0.22124058 0.2149071  0.2198001
 0.22004968 0.21497129 0.21826726 0.22001177 0.21635829 0.22375871
 0.21471623 0.21356931 0.211387   0.21535587 0.2113313  0.20178522
 0.21309832 0.20548066 0.21075769 0.20875455 0.20771785 0.19938184
 0.20644945 0.21001789 0.21263559 0.20895433 0.2108967  0.21177167
 0.2149493  0.21237275 0.21359093 0.21068536 0.20791708 0.21171665
 0.20905069 0.20420606 0.20587206 0.20223972 0.20160672 0.20347339
 0.19898939 0.2020377  0.19861713 0.19766706 0.19440164 0.20232773
 0.2037811  0.20964599 0.20713687 0.20486352 0.20458367 0.2067701
 0.20873152 0.21232286 0.20813996 0.2065787  0.20256124 0.20288584
 0.19950743 0.19330356 0.19417131 0.19684894 0.19789511 0.19045183
 0.18359043 0.18697326 0.18369538 0.19177938 0.18864635 0.19237085
 0.1921609  0.1997196  0.20291519 0.19930562 0.19724484 0.19605684
 0.20114104 0.19780262 0.19317465 0.1860187  0.19079618 0.19254276]

ETTh1_96_96_LSTM_iter2  
mse:0.7655752301216125, mae:0.6772142052650452, rse:0.8310971260070801, corr:[0.27296484 0.27040678 0.26267254 0.25917462 0.2526875  0.25166857
 0.24761707 0.2465689  0.24437168 0.23942342 0.24068308 0.23001114
 0.2289709  0.22505115 0.22307117 0.21035083 0.21049163 0.21335733
 0.22927593 0.2281634  0.23406309 0.23211108 0.23520821 0.24534784
 0.24188173 0.24393308 0.24312356 0.24254261 0.23371744 0.23537004
 0.23332497 0.23907338 0.23398028 0.23345692 0.23314029 0.22974432
 0.23291597 0.22512156 0.22089708 0.21525833 0.21392518 0.2182129
 0.22036454 0.22825412 0.23964426 0.24257907 0.24633169 0.24863343
 0.2463208  0.24314009 0.23654817 0.23745425 0.23139445 0.22848041
 0.22929256 0.22962198 0.22601879 0.22969508 0.23324879 0.21867612
 0.21582031 0.20750284 0.20458005 0.19931024 0.20528764 0.19992895
 0.20315273 0.21362363 0.222308   0.22892866 0.23002155 0.23878513
 0.23581852 0.23043643 0.23001209 0.22850475 0.23063104 0.22810794
 0.22737941 0.22169566 0.2109675  0.2111993  0.20666943 0.2065776
 0.20486562 0.2102156  0.20215425 0.20134966 0.19952162 0.19548006
 0.20977548 0.21184628 0.22692813 0.22715561 0.2308298  0.23948775]

ETTh1_96_96_LSTM_iter3  
mse:0.8724343776702881, mae:0.7409980297088623, rse:0.8872054815292358, corr:[0.2496118  0.23522022 0.21999097 0.21483377 0.20877743 0.20716184
 0.19901088 0.20805494 0.20025033 0.20151097 0.19900128 0.20349714
 0.20659135 0.20852381 0.205744   0.21392971 0.21436936 0.21452206
 0.21236573 0.21255636 0.20164594 0.20313047 0.20957687 0.20580539
 0.20368756 0.19529125 0.19692409 0.19622861 0.19144551 0.1966025
 0.19775176 0.19982319 0.20832059 0.20095289 0.19533642 0.19849212
 0.19559938 0.19063444 0.20146406 0.20265558 0.21536793 0.21480596
 0.21421815 0.21213754 0.21460374 0.21504179 0.21474423 0.21492366
 0.21287885 0.2025165  0.20110698 0.18665805 0.19178863 0.19144137
 0.19328043 0.19632366 0.19561349 0.18526433 0.185565   0.18152186
 0.18693449 0.18294063 0.18638226 0.19609234 0.19884838 0.19791777
 0.19501905 0.19306442 0.19389242 0.19751623 0.19512503 0.19423811
 0.19442783 0.18728665 0.18160303 0.18463965 0.18483683 0.18748373
 0.18953414 0.19479044 0.18924265 0.19454473 0.1920306  0.19265668
 0.19451974 0.19425924 0.19683383 0.20643313 0.20902395 0.20264786
 0.20488788 0.1975287  0.20396087 0.19857502 0.19709274 0.2013821 ]

ETTh1_96_96_LSTM_iter4  
mse:0.765861988067627, mae:0.6875813603401184, rse:0.8312527537345886, corr:[0.2651373  0.25172886 0.238271   0.23215328 0.22808671 0.23011552
 0.23026296 0.22908047 0.22353667 0.22796525 0.23295596 0.231402
 0.23253152 0.2299888  0.2222263  0.22021227 0.22132574 0.22448431
 0.22683023 0.21738102 0.21560346 0.2124376  0.21899883 0.2319105
 0.2276643  0.21513513 0.21174683 0.21404314 0.21657862 0.21556227
 0.22228153 0.21670763 0.21602376 0.22358182 0.22082636 0.22348192
 0.22287951 0.22300075 0.21983917 0.2203864  0.22125858 0.22786489
 0.22740361 0.22715496 0.22429411 0.22776137 0.2290726  0.23067419
 0.221521   0.21076407 0.20107786 0.19729649 0.20779742 0.20813704
 0.21174622 0.21414948 0.20992588 0.21278453 0.21448484 0.2126245
 0.21936387 0.21796526 0.21547896 0.21621402 0.21277735 0.22031213
 0.21607898 0.21666765 0.21510406 0.21272857 0.2166025  0.22448638
 0.21166141 0.20709155 0.1996293  0.19751303 0.19808333 0.19973941
 0.20118158 0.20337002 0.20006588 0.20387179 0.2086308  0.21338671
 0.21981554 0.21506368 0.21464874 0.21056874 0.21535842 0.2082404
 0.21382809 0.21134312 0.2108728  0.20487493 0.20865886 0.20809245]

ETTh1_96_96_LSTM_iter5  
mse:0.7612614631652832, mae:0.6859537959098816, rse:0.8287522792816162, corr:[0.2637504  0.25286838 0.24464712 0.23586835 0.23458566 0.23515806
 0.23466665 0.23810884 0.2368671  0.23572876 0.23206727 0.23200466
 0.23167495 0.22061075 0.22451141 0.22632201 0.23340373 0.23758788
 0.2304034  0.22453664 0.22727291 0.23269208 0.23371822 0.23501146
 0.22567521 0.21996158 0.22353435 0.22926916 0.23364136 0.23866998
 0.23581032 0.2347167  0.23829897 0.23687351 0.23197845 0.23423843
 0.23052645 0.22586048 0.2208516  0.23147354 0.23267259 0.23280291
 0.23580037 0.23911007 0.24595773 0.23813674 0.23329961 0.24670793
 0.23913024 0.23164701 0.22281545 0.22584742 0.22663753 0.23278287
 0.23306711 0.2304723  0.22647716 0.2220286  0.21939036 0.22309536
 0.21671228 0.21460453 0.20776092 0.21865696 0.22709359 0.22737116
 0.23427407 0.23005666 0.23730254 0.23503774 0.2432525  0.24375919
 0.23023649 0.22985823 0.22009332 0.21835355 0.22173895 0.22084941
 0.2240775  0.22020467 0.2207706  0.22150326 0.22023422 0.2152258
 0.21220249 0.20473033 0.21399511 0.22343215 0.22927289 0.23378259
 0.23229308 0.22715071 0.23090601 0.22574568 0.2301939  0.2300892 ]

ETTh1_96_96_LSTM_iter6  
mse:0.765852153301239, mae:0.6776420474052429, rse:0.8312473893165588, corr:[0.27686855 0.26016015 0.2460473  0.23698653 0.23569684 0.22978412
 0.22715311 0.22471055 0.22147676 0.22098789 0.21813443 0.22440687
 0.22261015 0.21858662 0.2176497  0.2149789  0.20994642 0.21105555
 0.20969194 0.21698347 0.21520416 0.22438982 0.2351845  0.2391771
 0.22538228 0.21291617 0.20149717 0.20801966 0.20099969 0.20050348
 0.18987462 0.1954489  0.20080158 0.19636068 0.18864878 0.19341418
 0.19702289 0.19605334 0.19645923 0.1972941  0.19637217 0.19401415
 0.19426428 0.19558965 0.20390153 0.2020516  0.21343492 0.22249787
 0.21692923 0.19601746 0.17831323 0.17773615 0.17351621 0.17205663
 0.16511844 0.17439647 0.1772587  0.17687023 0.18098214 0.18115474
 0.1774524  0.18102309 0.17732519 0.18260448 0.17996372 0.18419941
 0.18037763 0.18317617 0.17956878 0.18579458 0.20151256 0.20523244
 0.1948512  0.17726701 0.1705263  0.16353492 0.16181315 0.15002592
 0.14807212 0.16094981 0.1579057  0.16935995 0.16432491 0.17329599
 0.17538379 0.16540056 0.1702933  0.16411136 0.17024791 0.17326824
 0.17114212 0.17456603 0.17503534 0.17719714 0.1909551  0.19813037]

ETTh1_96_96_LSTM_iter7  
mse:0.773646354675293, mae:0.6907508373260498, rse:0.8354665637016296, corr:[0.26720902 0.2563627  0.24514216 0.23793899 0.22873902 0.22309789
 0.21973413 0.21933825 0.21456888 0.2151613  0.22025055 0.22370517
 0.2197984  0.21743625 0.2233308  0.2227811  0.2196644  0.22475672
 0.22347791 0.22230588 0.22222568 0.22063741 0.21889019 0.22333816
 0.21544267 0.20791845 0.20230865 0.20189336 0.20028336 0.19841883
 0.19622894 0.18900143 0.18826781 0.18772638 0.1935211  0.19722156
 0.1928314  0.19899109 0.20116672 0.20783323 0.20943561 0.21804594
 0.21273077 0.2128188  0.20776491 0.20371586 0.20457919 0.21070556
 0.20164895 0.19157907 0.18419527 0.18167154 0.17467332 0.1797854
 0.17979108 0.17731889 0.17550996 0.18152788 0.1911841  0.18946025
 0.19167171 0.19016907 0.19527689 0.19742478 0.19984151 0.20024507
 0.19609186 0.19551243 0.19707735 0.1887443  0.19274592 0.18696319
 0.18004934 0.17293319 0.16549452 0.16611756 0.1652467  0.16933508
 0.16941543 0.16822782 0.16878901 0.1735423  0.17603084 0.1803302
 0.17938818 0.18348016 0.19199279 0.19376379 0.20012891 0.20254028
 0.1998554  0.19528112 0.19272846 0.19621061 0.19391431 0.19021924]

ETTh1_96_96_LSTM_iter8  
mse:0.7341799736022949, mae:0.6688937544822693, rse:0.8138775825500488, corr:[0.27088556 0.2597285  0.2502906  0.24088849 0.23418048 0.23274206
 0.23239098 0.23084423 0.22932394 0.22853725 0.2331563  0.23076081
 0.23375885 0.23626643 0.23796017 0.23772642 0.24466945 0.24902332
 0.24358724 0.23851293 0.2371477  0.23561645 0.23966146 0.23982471
 0.23660982 0.22495225 0.21841003 0.21564205 0.21562727 0.21191876
 0.21387182 0.21828075 0.2207896  0.22345239 0.22624725 0.22236602
 0.22598246 0.23030742 0.22932805 0.23449291 0.23345472 0.23761013
 0.23976776 0.23646002 0.23540883 0.23431246 0.2371291  0.23702656
 0.22929356 0.21977937 0.21420242 0.20919418 0.20009272 0.20422623
 0.20399165 0.20970662 0.2139866  0.21333513 0.22408578 0.22180349
 0.21819337 0.22040384 0.22769064 0.22932895 0.23111801 0.23332362
 0.23910475 0.23049702 0.23344482 0.23281024 0.23564313 0.234521
 0.22993687 0.21712092 0.20449919 0.21230017 0.20359911 0.2026516
 0.20082544 0.20353709 0.20379095 0.2053676  0.20652574 0.21637434
 0.2171297  0.21899652 0.22226071 0.22419664 0.22747341 0.23211908
 0.23182748 0.23367722 0.23301645 0.23149912 0.23482715 0.23065394]

ETTh1_96_336_LSTM_iter0  
mse:0.9324911236763, mae:0.7655993700027466, rse:0.919336199760437, corr:[0.24897169 0.23258007 0.21597414 0.2096088  0.20229721 0.21397108
 0.20933042 0.21034399 0.20492795 0.2130798  0.20720626 0.20258024
 0.20274793 0.20104364 0.20139949 0.2032541  0.20711401 0.20653881
 0.21052572 0.21159689 0.21468264 0.21688083 0.22405858 0.21524435
 0.20679599 0.19279331 0.18795913 0.18502183 0.1896845  0.19230804
 0.19343868 0.18898481 0.19212437 0.19988409 0.20336322 0.18904911
 0.19105954 0.19404677 0.19577211 0.19617002 0.20494024 0.20656797
 0.20910788 0.21578646 0.22084545 0.22390276 0.22369584 0.21987844
 0.20867509 0.19245532 0.18644857 0.17103061 0.18125111 0.18255779
 0.19222853 0.1905519  0.19706745 0.20195214 0.20144765 0.19829454
 0.1999005  0.19229032 0.1995988  0.20238048 0.20341997 0.20648713
 0.2069167  0.20713897 0.21111667 0.21295406 0.21797824 0.22021773
 0.19977407 0.17693917 0.17039846 0.16410443 0.16873708 0.16997752
 0.17061092 0.16969185 0.17239195 0.18458709 0.19471006 0.20045146
 0.19993144 0.19644856 0.19858088 0.20458539 0.21089746 0.20932658
 0.21533361 0.21369629 0.20276037 0.19853374 0.19820678 0.19769876
 0.1827123  0.1694591  0.17297462 0.16929701 0.15923192 0.1724014
 0.1667159  0.17295486 0.18295816 0.18664356 0.19309786 0.19307022
 0.18781461 0.18287763 0.1911989  0.18937165 0.1949207  0.19599044
 0.19737741 0.19669876 0.1911976  0.20443127 0.19425277 0.19605395
 0.187934   0.16884609 0.15831468 0.14458016 0.1495289  0.15861303
 0.15400726 0.15813215 0.1630847  0.16918215 0.18284193 0.18733987
 0.1854141  0.17903152 0.18268435 0.19191545 0.1954158  0.19993696
 0.19857801 0.19410007 0.19443198 0.18594098 0.19001736 0.19856626
 0.18301603 0.16174667 0.15539214 0.15476826 0.15495317 0.15903834
 0.15558809 0.15923196 0.16212057 0.17325383 0.18026178 0.17524992
 0.17636654 0.17590463 0.18400164 0.18417415 0.19229569 0.1895518
 0.19045226 0.18820252 0.18975301 0.17573245 0.17791851 0.18250377
 0.16830684 0.14570528 0.1436596  0.1422653  0.14255139 0.15463698
 0.15533659 0.15249504 0.16309328 0.17862567 0.18515855 0.18472026
 0.18789932 0.1770929  0.17848706 0.1763978  0.1881645  0.18957092
 0.18863218 0.18724452 0.18655011 0.17602949 0.16489026 0.16453132
 0.14853334 0.1314698  0.13214467 0.1353848  0.13751532 0.14623396
 0.15455566 0.15391824 0.16887793 0.1729473  0.17725725 0.18247549
 0.18179597 0.17795332 0.18277833 0.18247326 0.18524922 0.18908535
 0.18863429 0.18482067 0.17769134 0.1794482  0.18202436 0.17675856
 0.16790134 0.14905363 0.1398399  0.13788809 0.14722449 0.14514063
 0.15475276 0.15458064 0.16114973 0.16789539 0.17984475 0.17647631
 0.17467514 0.16778734 0.17216887 0.17341757 0.18047765 0.1805025
 0.17852463 0.17997438 0.17702296 0.1685339  0.17133373 0.17322351
 0.15487349 0.14481294 0.13683993 0.13534017 0.13245158 0.14415684
 0.14404438 0.1492287  0.15827669 0.16967432 0.17610243 0.18279862
 0.17682675 0.17989248 0.1709734  0.1731641  0.17579657 0.17510366
 0.17359093 0.17271726 0.16702427 0.16882062 0.16731912 0.17204717
 0.15429439 0.1495099  0.14378612 0.1431383  0.14100602 0.14721373
 0.14800094 0.15305994 0.15672857 0.15915911 0.17202482 0.17186181
 0.17073849 0.166765   0.16905607 0.17209291 0.17143914 0.1713637
 0.17748195 0.17620273 0.17976297 0.17406923 0.1640878  0.17126955
 0.15300238 0.1333499  0.13413386 0.13089165 0.13340119 0.14368495
 0.14364836 0.15362254 0.1644791  0.1727652  0.17828777 0.17679241
 0.18175012 0.17240581 0.17374451 0.17344251 0.17418858 0.16888782
 0.173233   0.16618806 0.16713548 0.16198759 0.17098467 0.16865575
 0.15238138 0.1442859  0.1361781  0.13822077 0.13784051 0.14411741
 0.14640279 0.15464929 0.16710009 0.17306773 0.17946056 0.1809755
 0.17303824 0.1693195  0.16929656 0.16706836 0.17177278 0.16738994
 0.15891099 0.15043536 0.15632758 0.14443934 0.14871797 0.15167657]

ETTh1_96_336_LSTM_iter0  
mse:0.9324911236763, mae:0.7655993700027466, rse:0.919336199760437, corr:[0.24897169 0.23258007 0.21597414 0.2096088  0.20229721 0.21397108
 0.20933042 0.21034399 0.20492795 0.2130798  0.20720626 0.20258024
 0.20274793 0.20104364 0.20139949 0.2032541  0.20711401 0.20653881
 0.21052572 0.21159689 0.21468264 0.21688083 0.22405858 0.21524435
 0.20679599 0.19279331 0.18795913 0.18502183 0.1896845  0.19230804
 0.19343868 0.18898481 0.19212437 0.19988409 0.20336322 0.18904911
 0.19105954 0.19404677 0.19577211 0.19617002 0.20494024 0.20656797
 0.20910788 0.21578646 0.22084545 0.22390276 0.22369584 0.21987844
 0.20867509 0.19245532 0.18644857 0.17103061 0.18125111 0.18255779
 0.19222853 0.1905519  0.19706745 0.20195214 0.20144765 0.19829454
 0.1999005  0.19229032 0.1995988  0.20238048 0.20341997 0.20648713
 0.2069167  0.20713897 0.21111667 0.21295406 0.21797824 0.22021773
 0.19977407 0.17693917 0.17039846 0.16410443 0.16873708 0.16997752
 0.17061092 0.16969185 0.17239195 0.18458709 0.19471006 0.20045146
 0.19993144 0.19644856 0.19858088 0.20458539 0.21089746 0.20932658
 0.21533361 0.21369629 0.20276037 0.19853374 0.19820678 0.19769876
 0.1827123  0.1694591  0.17297462 0.16929701 0.15923192 0.1724014
 0.1667159  0.17295486 0.18295816 0.18664356 0.19309786 0.19307022
 0.18781461 0.18287763 0.1911989  0.18937165 0.1949207  0.19599044
 0.19737741 0.19669876 0.1911976  0.20443127 0.19425277 0.19605395
 0.187934   0.16884609 0.15831468 0.14458016 0.1495289  0.15861303
 0.15400726 0.15813215 0.1630847  0.16918215 0.18284193 0.18733987
 0.1854141  0.17903152 0.18268435 0.19191545 0.1954158  0.19993696
 0.19857801 0.19410007 0.19443198 0.18594098 0.19001736 0.19856626
 0.18301603 0.16174667 0.15539214 0.15476826 0.15495317 0.15903834
 0.15558809 0.15923196 0.16212057 0.17325383 0.18026178 0.17524992
 0.17636654 0.17590463 0.18400164 0.18417415 0.19229569 0.1895518
 0.19045226 0.18820252 0.18975301 0.17573245 0.17791851 0.18250377
 0.16830684 0.14570528 0.1436596  0.1422653  0.14255139 0.15463698
 0.15533659 0.15249504 0.16309328 0.17862567 0.18515855 0.18472026
 0.18789932 0.1770929  0.17848706 0.1763978  0.1881645  0.18957092
 0.18863218 0.18724452 0.18655011 0.17602949 0.16489026 0.16453132
 0.14853334 0.1314698  0.13214467 0.1353848  0.13751532 0.14623396
 0.15455566 0.15391824 0.16887793 0.1729473  0.17725725 0.18247549
 0.18179597 0.17795332 0.18277833 0.18247326 0.18524922 0.18908535
 0.18863429 0.18482067 0.17769134 0.1794482  0.18202436 0.17675856
 0.16790134 0.14905363 0.1398399  0.13788809 0.14722449 0.14514063
 0.15475276 0.15458064 0.16114973 0.16789539 0.17984475 0.17647631
 0.17467514 0.16778734 0.17216887 0.17341757 0.18047765 0.1805025
 0.17852463 0.17997438 0.17702296 0.1685339  0.17133373 0.17322351
 0.15487349 0.14481294 0.13683993 0.13534017 0.13245158 0.14415684
 0.14404438 0.1492287  0.15827669 0.16967432 0.17610243 0.18279862
 0.17682675 0.17989248 0.1709734  0.1731641  0.17579657 0.17510366
 0.17359093 0.17271726 0.16702427 0.16882062 0.16731912 0.17204717
 0.15429439 0.1495099  0.14378612 0.1431383  0.14100602 0.14721373
 0.14800094 0.15305994 0.15672857 0.15915911 0.17202482 0.17186181
 0.17073849 0.166765   0.16905607 0.17209291 0.17143914 0.1713637
 0.17748195 0.17620273 0.17976297 0.17406923 0.1640878  0.17126955
 0.15300238 0.1333499  0.13413386 0.13089165 0.13340119 0.14368495
 0.14364836 0.15362254 0.1644791  0.1727652  0.17828777 0.17679241
 0.18175012 0.17240581 0.17374451 0.17344251 0.17418858 0.16888782
 0.173233   0.16618806 0.16713548 0.16198759 0.17098467 0.16865575
 0.15238138 0.1442859  0.1361781  0.13822077 0.13784051 0.14411741
 0.14640279 0.15464929 0.16710009 0.17306773 0.17946056 0.1809755
 0.17303824 0.1693195  0.16929656 0.16706836 0.17177278 0.16738994
 0.15891099 0.15043536 0.15632758 0.14443934 0.14871797 0.15167657]

ETTh1_96_336_LSTM_iter0  
mse:0.9324911236763, mae:0.7655993700027466, rse:0.919336199760437, corr:[0.24897169 0.23258007 0.21597414 0.2096088  0.20229721 0.21397108
 0.20933042 0.21034399 0.20492795 0.2130798  0.20720626 0.20258024
 0.20274793 0.20104364 0.20139949 0.2032541  0.20711401 0.20653881
 0.21052572 0.21159689 0.21468264 0.21688083 0.22405858 0.21524435
 0.20679599 0.19279331 0.18795913 0.18502183 0.1896845  0.19230804
 0.19343868 0.18898481 0.19212437 0.19988409 0.20336322 0.18904911
 0.19105954 0.19404677 0.19577211 0.19617002 0.20494024 0.20656797
 0.20910788 0.21578646 0.22084545 0.22390276 0.22369584 0.21987844
 0.20867509 0.19245532 0.18644857 0.17103061 0.18125111 0.18255779
 0.19222853 0.1905519  0.19706745 0.20195214 0.20144765 0.19829454
 0.1999005  0.19229032 0.1995988  0.20238048 0.20341997 0.20648713
 0.2069167  0.20713897 0.21111667 0.21295406 0.21797824 0.22021773
 0.19977407 0.17693917 0.17039846 0.16410443 0.16873708 0.16997752
 0.17061092 0.16969185 0.17239195 0.18458709 0.19471006 0.20045146
 0.19993144 0.19644856 0.19858088 0.20458539 0.21089746 0.20932658
 0.21533361 0.21369629 0.20276037 0.19853374 0.19820678 0.19769876
 0.1827123  0.1694591  0.17297462 0.16929701 0.15923192 0.1724014
 0.1667159  0.17295486 0.18295816 0.18664356 0.19309786 0.19307022
 0.18781461 0.18287763 0.1911989  0.18937165 0.1949207  0.19599044
 0.19737741 0.19669876 0.1911976  0.20443127 0.19425277 0.19605395
 0.187934   0.16884609 0.15831468 0.14458016 0.1495289  0.15861303
 0.15400726 0.15813215 0.1630847  0.16918215 0.18284193 0.18733987
 0.1854141  0.17903152 0.18268435 0.19191545 0.1954158  0.19993696
 0.19857801 0.19410007 0.19443198 0.18594098 0.19001736 0.19856626
 0.18301603 0.16174667 0.15539214 0.15476826 0.15495317 0.15903834
 0.15558809 0.15923196 0.16212057 0.17325383 0.18026178 0.17524992
 0.17636654 0.17590463 0.18400164 0.18417415 0.19229569 0.1895518
 0.19045226 0.18820252 0.18975301 0.17573245 0.17791851 0.18250377
 0.16830684 0.14570528 0.1436596  0.1422653  0.14255139 0.15463698
 0.15533659 0.15249504 0.16309328 0.17862567 0.18515855 0.18472026
 0.18789932 0.1770929  0.17848706 0.1763978  0.1881645  0.18957092
 0.18863218 0.18724452 0.18655011 0.17602949 0.16489026 0.16453132
 0.14853334 0.1314698  0.13214467 0.1353848  0.13751532 0.14623396
 0.15455566 0.15391824 0.16887793 0.1729473  0.17725725 0.18247549
 0.18179597 0.17795332 0.18277833 0.18247326 0.18524922 0.18908535
 0.18863429 0.18482067 0.17769134 0.1794482  0.18202436 0.17675856
 0.16790134 0.14905363 0.1398399  0.13788809 0.14722449 0.14514063
 0.15475276 0.15458064 0.16114973 0.16789539 0.17984475 0.17647631
 0.17467514 0.16778734 0.17216887 0.17341757 0.18047765 0.1805025
 0.17852463 0.17997438 0.17702296 0.1685339  0.17133373 0.17322351
 0.15487349 0.14481294 0.13683993 0.13534017 0.13245158 0.14415684
 0.14404438 0.1492287  0.15827669 0.16967432 0.17610243 0.18279862
 0.17682675 0.17989248 0.1709734  0.1731641  0.17579657 0.17510366
 0.17359093 0.17271726 0.16702427 0.16882062 0.16731912 0.17204717
 0.15429439 0.1495099  0.14378612 0.1431383  0.14100602 0.14721373
 0.14800094 0.15305994 0.15672857 0.15915911 0.17202482 0.17186181
 0.17073849 0.166765   0.16905607 0.17209291 0.17143914 0.1713637
 0.17748195 0.17620273 0.17976297 0.17406923 0.1640878  0.17126955
 0.15300238 0.1333499  0.13413386 0.13089165 0.13340119 0.14368495
 0.14364836 0.15362254 0.1644791  0.1727652  0.17828777 0.17679241
 0.18175012 0.17240581 0.17374451 0.17344251 0.17418858 0.16888782
 0.173233   0.16618806 0.16713548 0.16198759 0.17098467 0.16865575
 0.15238138 0.1442859  0.1361781  0.13822077 0.13784051 0.14411741
 0.14640279 0.15464929 0.16710009 0.17306773 0.17946056 0.1809755
 0.17303824 0.1693195  0.16929656 0.16706836 0.17177278 0.16738994
 0.15891099 0.15043536 0.15632758 0.14443934 0.14871797 0.15167657]

ETTh1_96_96_LSTM_iter9  
mse:0.8508675694465637, mae:0.7293233871459961, rse:0.8761709332466125, corr:[0.25689992 0.25128073 0.24641208 0.24492534 0.24484655 0.24028651
 0.23446305 0.23295139 0.22536619 0.22070348 0.22392882 0.22014354
 0.22058019 0.21309108 0.2154131  0.21737581 0.22675344 0.2250153
 0.22742139 0.22678116 0.22353694 0.23290941 0.23433407 0.23866083
 0.23373796 0.22499971 0.22557706 0.22838125 0.22373258 0.22642812
 0.21947134 0.2157552  0.2057568  0.19573209 0.193725   0.18874408
 0.20258483 0.19409567 0.20248866 0.20588489 0.21394117 0.21841142
 0.21130095 0.21945246 0.21961465 0.22118574 0.2309665  0.23433968
 0.22703446 0.22333679 0.21373022 0.2124593  0.21285115 0.2068754
 0.20212848 0.19527103 0.18827063 0.18396978 0.1825952  0.19072187
 0.18728413 0.19263187 0.19010717 0.19302556 0.1926711  0.20222118
 0.20673993 0.20399095 0.21012163 0.21181944 0.21595764 0.22384
 0.2125418  0.20582671 0.2002067  0.20000276 0.19930835 0.19828363
 0.19010839 0.18256003 0.17789835 0.17482165 0.17246522 0.1653549
 0.16307248 0.17432809 0.16362001 0.17385578 0.18428838 0.19064589
 0.19454707 0.19764969 0.19984177 0.20048246 0.20549133 0.20691498]

